2094289961905910787
12774600043546122111
12318639208776142063
1401176404416699929
14277085104083754580
360875453707549723
8356491053641952047
7875933074006332567
6677395615195590099
7068514584052770021
8412313382019570378
9088343541366031693
14669298887010826561
16491695520809968593
14325741004077145715
2609659045186037900
4568551785050955177
811172368309289480
13200923463430641660
16184645792545790747
9296532431552592956
12683913566908584528
15418311406194346831
14922271454829110818
5870667610985525954
17782696297143832339
4707666365904255024
12930890699277132186
15720501747367431575
15564067830775030371
9579242362896770546
17233343761771760056
7088780393328529816
6841945153540148391
2299039736585879831
14996875053312183120
4135923137556733311
7949567729942413552
16107165039942440347
2357732847270267407
1206024629463146237
4615954961213230235
663447381992042734
4356159268129788928
5339067562905045275
13527033269035833383
9525357729693586737
13370143666442146412
5404823653698154368
243685463035708442
6703999818863261736
15514332450439677246
5283942134612666316
13916067609697875711
12674559189877719971
16878201440095375764
9255854014236724455
15878340069627212949
13655221970068854755
12499727444467489946
17469658565178433733
1885151669715275099
16805302275475760872
18118946976997353778
11527387921629945526
15853166867579252941
17225422167045921247
16022109149478686501
13291760898679736873
55899946879897071
11385787011325440022
2191503477524475955
13658936254673291938
5210416296094386307
